Plate 	Name          NS     ωx 	  ωy 	  ωz 	  ω 	  	WRMS         sωx 	  sωy 	  sωz 	  sω
                                                            E    	N
                            -------[mas/yr]-------  [°/Ma]	---[mm/yr]---   -------[mas/yr]------   [°/Ma]
                          
AMUR 	Amur           3 	-0.131 	-0.551 	 0.837 	0.281 	0.17 	0.18    0.009 	0.014 	0.015 	0.002 		
ANTA 	Antarctica     15 	-0.269 	-0.312 	 0.678 	0.220 	0.16 	0.24    0.003 	0.003 	0.004 	0.001 		
ARAB 	Arabia         3 	 1.129 	-0.146 	 1.438 	0.509 	0.15 	0.11    0.025   0.027 	0.016 	0.007 		
AUST 	Australia      118       1.487 	 1.175 	 1.223 	0.627 	0.19 	0.17    0.003 	0.003 	0.003 	0.001 		
CARB 	Caribbean      5 	 0.207 	-1.422   0.726 	0.447 	0.18 	0.56    0.076 	0.174 	0.061 	0.053 		
EURA 	Eurasia        143      -0.085 	-0.519 	 0.753 	0.255 	0.19 	0.21    0.003 	0.003 	0.003 	0.001 		
INDI 	India          4 	 1.137 	 0.013 	 1.444 	0.511 	0.41 	0.33    0.008 	0.040 	0.016 	0.005 		
NAZC 	Nazca          3 	-0.327 	-1.561 	 1.605 	0.629 	0.05 	0.10    0.006 	0.018 	0.008 	0.003 		
NOAM 	North_America  108       0.045 	-0.666 	-0.098  0.187 	0.23 	0.31    0.003 	0.003 	0.003 	0.001 		
NUBI 	Africa         31 	 0.090 	-0.585 	 0.717 	0.258 	0.18 	0.21    0.003 	0.003 	0.004 	0.001 		
PCFC 	Pacific        20 	-0.404 	 1.021 	-2.154  0.672 	0.32 	0.30    0.003 	0.003 	0.004 	0.001 		
SOAM 	South_America  59 	-0.261 	-0.282 	-0.157  0.115 	0.30 	0.29    0.004 	0.004 	0.003 	0.001 		
SOMA 	Somalia        6 	-0.081 	-0.719 	 0.864 	0.313 	0.41 	0.21    0.014 	0.015 	0.005 	0.004
